19
7
4
17
2
10
24
1
18
8
20
22
25
25
8
22
2
14
20
17
4
6
24
17
1
20
1
2
15
13
11
2
16
13
12
13
12
17
19
16
9
2
13
8
11
9
3
2
22
18
12
19
19
22
10
11
10
14
11
3
4
19
22
19
25
25
18
15
11
15
23
4
1
10
13
20
1
13
24
13
13
2
10
8
19
3
20
9
5
19
16
5
24
22
2
14
11
10
9
21
7
22
24
1
6
15
17
7
10
12
18
22
16
20
15
21
11
24
12
8
18
21
3
6
13
16
23
12
12
4
23
21
14
24
16
13
5
17
4
11
18
21
12
5
14
10
24
19
9
21
22
2
9
18
21
20
14
20
24
18
23
4
12
3
25
24
13
9
1
3
7
3
11
8
9
17
25
7
15
7
10
17
18
15
12
20
25
11
22
25
25
17
25
21
11
10
5
8
17
15
